10929
10971
11522
12142
12249
12301
12365
12366
12541
12657
12703
12704
12772
12827
12828
12885
13071
13621
13718
14103
14214
14215
14684
14685
14713
14715
14740
14762
15539
15874
15921
15922
16087
16194
16363
16379
16402
16672
16721
16793
16798
16806
16847
16883
16891
16921
16949
16987
16990
17015
17031
17048
17087
17111
17247
17339
17376
17408
17430
17434
17466
17481
17494
17498
17503
17506
17516
17525
17532
17535
17559
17560
17571
17573
17594
17601
17612
17613
17618
17619
17628
17638
17657
17658
17659
17675
17688
17694
17710
17717
17736
17739
17741
17751
17802
17813
17814
17818
17820
17821
17831
17849
17850
17851
17853
17857
17862
17881
17911
17920
17924
17938
17939
17944
17954
17970
17980
17982
17986
17994
18000
18009
18017
18021
18029
18039
18040
18050
18052
18061
18062
18064
18067
18069
18076
18077
18084
18087
18104
18116
18117
18118
18123
18148
18153
18154
18155
18166
18179
18181
18182
18183
18185
18201
18202
18205
18207
18217
18226
18230
18234
18238
18239
18257
18285
18296
18297
18298
18303
18306
18312
18340
18343
18366
18374
18389
18418
18423
18445
18458
18470
18473
18489
18498
18506
18520
18521
18533
18538
18550
18554
18555
18571
18580
18584
18587
18592
18596
18603
18613
18631
18644
18647
18654
18662
18663
18668
18678
18682
18683
18684
18686
18687
18700
18702
18703
18704
18706
18707
18709
18713
18731
18733
18751
18754
18761
18762
18766
18768
18770
18776
18780
18781
18782
18796
18799
18813
18828
18830
18831
18869
18873
18874
18885
18887
18888
18905
18917
18922
18928
18949
18977
18981
18985
19001
19002
19009
19010
19032
19037
19046
19057
19058
19059
19069
19080
19081
19082
19084
19085
19107
19111
19112
19155
19174
19188
19190
19192
19201
19204
19215
19243
19259
19260
19270
19280
19287
19297
19304
19309
19322
19323
19355
19359
19368
19369
19383
19384
19385
19387
19402
19404
19408
19415
19425
19432
19434
19435
19436
19439
19451
19456
19459
19462
19471
19478
19488
19489
19507
19508
19510
19530
19532
19536
19537
19545
19546
19548
19557
19561
19568
19574
19576
19579
19580
19583
19591
19593
19604
19608
19616
19621
19640
19641
19643
19645
19648
19651
19660
19664
19672
19675
19677
19678
19693
19698
19717
19721
19722
19729
19735
19737
19746
19753
19757
19762
19764
19775
19778
19786
19794
19798
19806
19807
19810
19818
19833
19834
19836
19842
19845
19847
19849
19856
19857
19858
19860
19863
19879
19880
19881
19890
19897
19915
19928
19940
19946
19957
19958
19960
19961
19963
19966
19967
19968
19972
19976
19979
19982
19983
20005
20007
20013
20014
20032
20035
20036
20037
20038
20043
20044
20045
20059
20070
20071
20073
20084
20087
20089
20092
20095
20098
20101
20121
20134
20135
20136
20137
20144
20150
20151
20152
20154
20155
20156
20162
20168
20184
20192
20195
20198
20199
20207
20208
20210
20212
20214
20219
20223
20236
20239
20240
20243
20249
20251
20259
20264
20279
20280
20286
20291
20301
20303
20305
20312
20313
20316
20322
20323
20326
20336
20338
20343
20344
20346
20347
20363
20367
20378
20393
20394
20398
20403
20409
20410
20412
20413
20416
20417
20420
20421
20430
20441
20443
20448
20452
20460
20474
20482
20486
20506
20507
20511
20522
20528
20536
20539
20545
20548
20549
20550
20552
20553
20555
20559
20569
20575
20582
20584
20586
20601
20604
20605
20606
20611
20613
20619
20623
20624
20625
20632
20634
20635
20638
20652
20658
20664
20665
20668
20677
20680
20687
20689
20695
20696
20698
20705
20706
20707
20711
20713
20716
20719
20720
20725
20729
20738
20740
20741
20749
20752
20759
20760
20767
20772
20776
20780
20791
20799
20800
20801
20807
20809
20811
20823
20828
20831
20841
20846
20847
20859
20863
20868
20885
20887
20898
20902
20906
20907
20911
20920
20922
20926
20937
20939
20942
20945
20946
20947
20950
20961
20966
20968
20969
20974
20975
20976
20984
20986
20992
20997
21001
21007
21017
21018
21025
21039
21040
21041
21042
21044
21052
21061
21062
21066
21075
21079
21084
21085
21090
21097
21106
21114
21127
21128
21141
21144
21148
21149
21158
21174
21178
21180
21190
21191
21199
21203
21211
21214
21217
21222
21223
21226
21235
21238
21241
21247
21249
21257
21259
21260
21268
21271
21273
21277
21281
21320
21322
21335
21338
21341
21350
21367
21371
21378
21387
21406
21410
21415
21443
21453
21462
21472
21473
21483
21490
21492
21493
21494
21504
21507
21530
21543
21544
21551
21566
21571
21587
21589
21592
21597
21605
21610
21621
21629
21633
21664
21667
21671
21674
21678
21684
21692
21693
21700
21706
21711
21712
21721
21726
21744
21745
21746
21756
21759
21765
21778
21793
21795
21810
21823
21839
21845
21850
21864
21868
21871
21884
21910
21958
21963
22008
22011
22021
22026
22033
22052
22064
22078
22103
22104
22106
22121
22129
22154
22157
22193
22203
22205
22210
22217
22239
22244
22246
22266
22273
22281
22283
22321
22371
22377
22383
22386
22396
22401
22411
22456
22458
22472
22473
22496
22500
22504
22505
22523
22545
22569
40024
50625
50628
50630
50685
50686
50703
50709
50739
50741
50746
50749
50757
50775
50785
50797
50813
71621
71739
72303
72304
86069
86240
87361
87563
200045
200153
200179
201110
201655
201656
201917
202088
202091
202258
202278
202343
202513
202535
202736
202799
202833
203093
203313
203565
203568
203684
203697
203794
204031
204654
204803
204822
204886
205054
205060
205123
205637
205747
205777
205787
205934
206162
206302
206307
206323
206510
206544
206545
206843
207621
207916
207931
207975
207988
208032
208276
208383
208471
208583
208603
208624
208673
208751
209176
209196
209203
209305
209410
209472
209529
209777
210864
210874
211929
211994
212320
212595
212887
212888
212904
213026
213072
213176
213433
213716
213876
213969
214018
214096
214200
214278
214377
214383
214410
214787
