3177634
3410944
3419565
3422196
3428735
3429874
3444294
3454554
3454635
3454643
3454698
3454701
3461204
3476802
3483221
3485854
3491093
3495013
3497599
3499016
3507954
3507961
3520926
3527813
3546226
3547951
3549624
3551564
3558774
3562388
3595960
3629425
3632645
3634583
3644624
3644630
3646207
3652762
3654272
3657327
3663696
3663706
3666858
3674870
3674876
3681357
3681500
3700681
3705172
3714226
3721687
3725548
3726919
3728382
3746697
3752888
3763178
3777033
3778506
3781415
3781430
3783861
3786160
3793457
3803308
3809714
3812147
3830827
3836671
3839573
3839584
3850911
3855140
3857952
3860618
3860707
3860708
3862319
3862321
3864487
3876802
3882246
3885046
3886134
3886277
3888995
3897779
3899587
3901248
3903283
3920809
3920818
3920995
3922305
3925391
3927002
3927806
3928598
3933999
3934032
3935267
3937838
3947569
3948262
3950405
3965257
3966949
3982021
3987200
3998790
3998966
4001301
4005063
4005209
4011258
4014986
4017616
4027019
4031244
4040417
4041317
4049809
4060691
4065553
4065554
4066755
4076831
4083982
4085225
4087544
4087545
4087547
4088750
4094966
4100347
4112097
4115541
4137300
4137309
4138415
4138565
4138581
4158055
4175128
4189469
4206758
4209513
4215104
4215215
4216211
4225597
4233285
4233361
4237068
4238408
4238485
4247534
4250113
4252984
4254114
4278654
4278689
4284647
4301146
4309432
4311708
4316897
4322438
4324779
4329356
4335125
4335139
4336400
4338325
4342783
4347257
4349529
4353365
4357324
4358449
4364921
4364923
4366145
4369184
4370829
4382093
4384123
4385048
4393078
4393871
4395403
4395420
4395421
4396597
4397839
4399151
4400358
4402949
4404193
4405598
4409212
4413141
4414209
4418208
4420639
4421762
4425363
4432963
4435449
4436738
4436741
4438138
4448774
4451458
4452745
4454151
4457942
4459310
4464394
4470972
4472393
4474813
4482539
4489070
4489071
4497744
4499108
4507323
4508905
4515805
4517179
4526892
4534973
4534974
4551148
4551456
4552884
4559222
4559330
4559332
4579855
4584305
4587252
4590213
4593119
4594358
4594359
4600708
4602017
4605671
4612008
4616006
4617319
4619921
4626538
4628051
4636505
4639458
4642384
4647591
4650807
4657900
4657927
4661491
4662880
4664107
4665062
4673405
4677191
4683235
4686214
4689333
4692435
4694007
4695393
4695590
4701460
4703035
4703038
4711880
4713394
4724231
4735805
4758598
4761237
4761418
4762709
4765989
4767612
4771041
4772473
4772475
4775529
4775534
4777049
4777163
4778054
4783974
4787536
4789736
4793366
4794106
4797405
4798725
4798846
4800903
4801461
4801577
4803081
4804666
4808583
4808605
4808610
4818538
4818816
4820738
4828838
4833130
4833790
4837208
4842864
4844902
4847265
4849228
4855294
4857330
4859660
4861786
4863742
4863743
4863931
4863970
4866812
4867982
4868179
4868216
4870086
4873080
4876248
4879288
4879303
4880631
4882452
4883812
4886789
4886812
4892739
4894369
4895726
4904650
4904769
4906775
4907583
4910214
4910225
4911932
4913906
4916163
4917120
4918068
4918179
4921843
4923892
4925860
4927814
4927855
4929605
4933168
4933360
4933361
4935437
4935507
4939130
4942162
4943565
4943639
4946687
4952586
4954348
4957730
4957745
4957922
4957924
4957939
4962128
4963551
4963555
4966768
4968507
4968509
4970075
4978655
4980173
4983395
4983595
4988827
4994278
4996061
4996335
4997651
4997841
5002769
5002776
5004613
5006344
5006528
5010070
5015646
5016652
5017609
5021458
5023082
5023252
5028432
5028595
5028621
5030456
5034230
5035237
5035899
5036102
5037635
5041424
5045302
5045317
5047398
5053407
5057616
5061494
5061703
5061722
5068249
5069216
5070877
5075445
5079233
5081154
5082668
5082861
5084479
5089500
5091169
5091190
5092843
5093342
5098715
5102665
5104888
5110493
5110605
5110806
5114923
5114948
5116863
5130120
5135950
5137711
5140993
5141752
5147868
5149693
5149694
5150718
5152997
5153197
5153222
5155268
5156835
5162362
5164190
5164194
5164377
5164405
5169849
5175145
5177080
5180589
5180668
5180715
5186925
5186938
5188835
5192741
5198226
5198533
5200196
5208225
5208256
5210079
5211938
5212176
5212196
5212199
5212200
5212326
5214036
5214052
5216007
5217974
5219554
5223243
5223261
5225205
5225445
5227169
5232705
5234404
5238924
5238944
5240711
5242471
5242901
5246418
5246714
5246937
5248492
5248699
5250542
5252334
5252338
5252341
5254556
5256664
5256684
5260291
5264446
5266325
5266329
5269321
5270305
5273995
5276019
5278201
5284662
5284858
5286754
5288480
5290815
5290961
5292515
5292740
5294636
5296504
5307953
5312924
5314697
5317016
5317032
5320855
5324824
5330767
5332576
5338732
5338874
5340821
5344656
5344840
5344932
5349085
5349945
5352459
5354760
5354772
5356896
5358941
5360615
5360800
5362555
5362718
5362737
5362842
5364630
5364842
5364938
5366722
5366734
5375693
5376634
5376645
5378474
5378475
5380922
5384113
5385907
5385929
5387598
5387603
5389613
5389618
5393529
5394868
5395970
5401741
5403830
5403856
5403858
5405084
5407688
5407914
5412095
5418226
5420319
5422123
5424078
5424286
5427798
5431900
5434171
5435076
5436272
5438071
5438072
5439670
5441738
5445606
5446194
5447926
5453446
5456851
5456925
5457126
5457895
5459163
5462745
5462932
5463116
5464632
5464826
5464933
5466446
5466700
5470567
5470584
5472949
5472969
5474535
5474756
5474978
5474979
5475034
5476669
5476875
5478578
5478852
5482931
5482934
5484801
5485827
5488150
5489436
5490987
5492897
5494903
5496804
5498598
5500413
5501236
5501673
5503407
5504207
5508038
5508042
5508269
5508276
5510353
5514646
5514650
5514698
5514826
5521184
5525616
5527521
5527814
5529766
5529791
5529990
5532241
5532246
5532372
5534534
5534554
5536729
5536743
5538353
5538715
5538982
5540918
5540938
5541170
5541171
5541206
5543152
5543408
5545628
5545644
5547656
5547930
5547948
5547957
5547994
5549892
5549982
5550165
5550269
5552394
5554639
5558083
5558094
5559148
5559269
5560903
5562925
5563138
5563142
5563165
5565447
5565467
5567817
5569652
5569672
5569772
5571817
5573748
5573751
5575987
5576328
5578578
5578610
5580880
5583122
5583131
5583152
5585112
5587150
5589180
5590645
5591452
5591454
5591731
5591762
5595760
5595978
5595997
5597815
5599552
5599557
5599794
5601838
5601839
5601843
5602006
5602116
5602162
5602176
5603918
5603929
5604213
5605673
5605674
5605897
5606040
5607690
5607697
5607942
5607979
5608075
5610163
5612054
5612315
5614520
5614560
5616334
5616566
5616582
5616587
5616599
5617906
5618845
5618913
5618948
5622985
5624668
5624963
5626566
5626833
5626874
5627178
5629021
5629297
5629305
5629327
5629425
5631020
5631021
5631287
5633008
5633015
5633352
5635172
5635485
5635497
5635517
5635523
5637320
5637611
5639443
5639480
5641790
5641803
5641805
5643602
5643607
5646180
5648333
5648379
5648394
5648497
5650390
5653972
5654301
5656255
5656286
5656295
5656296
5656297
5656650
5656667
5656722
5658549
5658590
5658760
5658929
5659087
5661136
5661151
5662271
5662918
5663159
5663169
5665071
5665727
5665772
5667775
5667794
5670524
5670537
5670547
5674472
5674711
5674850
5674872
5674895
5676968
5677331
5677794
5679376
5679685
5679709
5681588
5681809
5681814
5681818
5683677
5684016
5686104
5686570
5687710
5688529
5688530
5688801
5688819
5690923
5690958
5691336
5691374
5693027
5693675
5693762
5695741
5695743
5695784
5696172
5697896
5698225
5698226
5698558
5698582
5698594
5703017
5703079
5705517
5705520
5707608
5707975
5709869
5710183
5710285
5712251
5712298
5714512
5716338
5716640
5716830
5716942
5716957
5716988
5720938
5721244
5721275
5723147
5723490
5725884
5731000
5731296
5731327
5731342
5731355
5731356
5732693
5733569
5733874
5733886
5736165
5736541
5736555
5739116
5739152
5739176
5740794
5741510
5741516
5741523
5741803
5744475
5744496
5744501
5747061
5747447
5747472
5747498
5747504
5747510
5747642
5750497
5750561
5752363
5752504
5753265
5753618
5753627
5753646
5753706
5756451
5756513
5759565
5759580
5760068
5760069
5760090
5760485
5763394
5763426
5763449
5763454
5763476
5763483
5763493
5766573
5767067
5767082
5767097
5767251
5767285
5769080
5770599
5770619
5772346
5773020
5773443
5775321
5776432
5776435
5776885
5776894
5780454
5780485
5780676
5785053
5785989
5785994
5786390
5789379
5789449
5792477
5792746
5792753
5792795
5795564
5798091
5798092
5798338
5798349
5800807
5804570
5807572
5807825
5808061
5808146
5811423
5811436
5814335
5814342
5814600
5814639
5817028
5817338
5817340
5817656
5817657
5821236
5824642
5827529
5827871
5829434
5834010
5834011
5834422
5834448
5834489
5836299
5837284
5840279
5840327
5840566
5840680
5840722
5840737
5840744
5840757
5843014
5843901
5843930
5843946
5843984
5844002
5846519
5846966
5846976
5846987
5847170
5849700
5849704
5849726
5849752
5849792
5849911
5852002
5852195
5854259
5854267
5854270
5854290
5855906
5855912
5856336
5856346
5858383
5859006
5859021
5859186
5860419
5860946
5861379
5861386
5863559
5863560
5863935
5866166
5866538
5866581
5866590
5866591
5869082
5869100
5869473
5872132
5872145
5872147
5873359
5873360
5873850
5874104
5874447
5877192
5879706
5880106
5880136
5880283
5881926
5886036
5886039
5886184
5889015
5889052
5891086
5891467
5891868
5897031
5898030
5898032
5899880
5900423
5900424
5900488
5902821
5905082
5908638
5908838
5908850
5908869
5911851
5912013
5912015
5912226
5912238
5912268
5914122
5914128
5914131
5914322
5914331
5914332
5914334
5914396
5916589
5916595
5916598
5916893
5916923
5917007
5917054
5919455
5919479
5919485
5919775
5919832
5922338
5922682
5922695
5922736
5925730
5925760
5929028
5929048
5931089
5931809
5932247
5932462
5932547
5932622
5932730
5935946
5942519
5945416
5945449
5948436
5948437
5948438
5948751
5948818
5952300
5952323
5952340
5952343
5952372
5952375
5954703
5955109
5955488
5957886
5958446
5958452
5958456
5958879
5958915
5958951
5958961
5962014
5962016
5962017
5962461
5962468
5962501
5962731
5964416
5965156
5965161
5965168
5965525
5965549
5965581
5965584
5965590
5968551
5968895
5968902
5968914
5968961
5968973
5968976
5968979
5969156
5969166
5972377
5972383
5972389
5972882
5972916
5972919
5972920
5972967
5972986
5972990
5976573
5977089
5977099
5978698
5980864
5980867
5980882
5981589
5985305
5985321
5985322
5985850
5985864
5989581
5989588
5989591
5990100
5990176
5993830
5993856
5994329
5994348
5994409
5997848
5997899
5997903
5998367
5998380
5998402
5998427
5998449
5998581
6001861
6001876
6002008
6004286
6004297
6004565
6004582
6004968
6004973
6004996
6005001
6006745
6007676
6007840
6008207
6008228
6010718
6011007
6011020
6011049
6011062
6011068
6013657
6015577
6015801
6015819
6017922
6017927
6020001
6020311
6020353
6020358
6020487
6022562
6024976
6024978
6024981
6025389
6025391
6027714
6028071
6028222
6030643
6031003
6031007
6032666
6033645
6034054
6034239
6034267
6036942
6036976
6037157
6037353
6039931
6039974
6040344
6043230
6043279
6045501
6046183
6046202
6048859
6048901
6051252
6051256
6051259
6051567
6051698
6054430
6054482
6056941
6057292
6057305
6057307
6060085
6060499
6062927
6063771
6063772
6063802
6063811
6063927
6066339
6066678
6068832
6068833
6068859
6071497
6071498
6071523
6071534
6071537
6071970
6074666
6074668
6074670
6077836
6077843
6080428
6080756
6080759
6080778
6083903
6083953
6083993
6087367
6087380
6087383
6090395
6090410
6090799
6096331
6096339
6096341
6096342
6096742
6098632
6099859
6099863
6100274
6100376
6102254
6103219
6103248
6103260
6103262
6106848
6106861
6106864
6107302
6107458
6110503
6110918
6110921
6110940
6113906
6113920
6113938
6113942
6113944
6114144
6114304
6114313
6114319
6117843
6117894
6120752
6121291
6121314
6123916
6123924
6123962
6124261
6124304
6124355
6124363
6125846
6126920
6126968
6126971
6127353
6127425
6129930
6130208
6131566
6132420
6132758
6132766
6133251
6133260
6133289
6133310
6133418
6135979
6136347
6136783
6136794
6136799
6139859
6140321
6140329
6142145
6143274
6143277
6143326
6143327
6143329
6143769
6143771
6143775
6146657
6146662
6147095
6147103
6147204
6149054
6149938
6149940
6150337
6150365
6150366
6150380
6150383
6150384
6150398
6152897
6153635
6156331
6156742
6159458
6159498
6161724
6162463
6162802
6162812
6165497
6165513
6166042
6166043
6166046
6166197
6166213
6169084
6169181
6169920
6170717
6171294
6171613
6172046
6172090
6172107
6172233
6174304
6174442
6174524
6176242
6176442
6177074
6177101
6180608
6180639
6181963
6182655
6183778
6184220
6187341
6187791
6191148
6193998
6194004
6194006
6194415
6194429
6194445
6195582
6197341
6197819
6200604
6204257
6207640
6207661
6210705
6210892
6211205
6211229
6211233
6211244
6211246
6214815
6214865
6216033
6217895
6217909
6221392
6221633
6222025
6224905
6225284
6225294
6225474
6228398
6231887
6232304
6232333
6235004
6235712
6235735
6235756
6235781
6238695
6239113
6239124
6239173
6239180
6240918
6241999
6242003
6244905
6245766
6245819
6245911
6248358
6248363
6248726
6248735
6248741
6248775
6251091
6251368
6251426
6251895
6251910
6251912
6253762
6254887
6255325
6257233
6258795
6258808
6258830
6261546
6262022
6262071
6262115
6264923
6264980
6264987
6265392
6265536
6268343
6268489
6271243
6274169
6274171
6277384
6277405
6280410
6280704
6280705
6280959
6281230
6284767
6284770
6284804
6287539
6287540
6287594
6287599
6288082
6288095
6288127
6291445
6291488
6294195
6294196
6294197
6294540
6294548
6294572
6294978
6297217
6297375
6299900
6303146
6303607
6303640
6303661
6306431
6306900
6310094
6310101
6313146
6315173
6315720
6316023
6316441
6316443
6316460
6316471
6317629
6319192
6319913
6319926
6320074
6322819
6328994
6329404
6331317
6331550
6331635
6332985
6333044
6333045
6335031
6335032
6335033
6335335
6335369
6335447
6335460
6337090
6339105
6340475
6340689
6340695
6342247
6342476
6342482
6342515
6342530
6344211
6344215
6344479
6346532
6348210
6348211
6348216
6350468
6352684
6352717
6352998
6353029
6355656
6358527
6358986
6359016
6361758
6362161
6362178
6365127
6365180
6365581
6367480
6368627
6368632
6369062
6369085
6372252
6372449
6372760
6372780
6375972
6375978
6375986
6376515
6377847
6378519
6379703
6379704
6383471
6384013
6384020
6385488
6387383
6387946
6391874
6395292
6395293
6395294
6395304
6395716
6395728
6395767
6399079
6399101
6399632
6399777
6403114
6403120
6403567
6403569
6403609
6403616
6403649
6406713
6406715
6407079
6407128
6409990
6410054
6410511
6410524
6410550
6413499
6413549
6413980
6414016
6414126
6417175
6417191
6419953
6419958
6419960
6423340
6423342
6423344
6423686
6423722
6425892
6426335
6428771
6428810
6429210
6429226
6429230
6431168
6432440
6432452
6432932
6432948
6433003
6433026
6435372
6436989
6440392
6440458
6440990
6441168
6444226
6444652
6444673
6444708
6444859
6446627
6451289
6451340
6451991
6453795
6455499
6455518
6455533
6455540
6455557
6455574
6458811
6458818
6458836
6458924
6461605
6462058
6465006
6465443
6465463
6465464
6465477
6465504
6465709
6468967
6469009
6469012
6469015
6469030
6469035
6469182
6471992
6472373
6472563
6475491
6475521
6476052
6479065
6479496
6479500
6479535
6485748
6488027
6488960
6488962
6488963
6489329
6489346
6492365
6495157
6495162
6495164
6495165
6495166
6495534
6495541
6500454
6500456
6500814
6500829
6500867
6626870
6627210
6629968
6630162
6632803
6632842
6635045
6635234
6635278
6635280
6635284
6635618
6639071
6641800
6641834
6641841
6641843
6642210
6642245
6645466
6645961
6645963
6645988
6649180
6649659
6652880
6652881
6652885
6653286
6656482
6656935
6660300
6660726
6663898
6664276
6667050
6667061
6667314
6667344
6669948
6670335
6670351
6670384
6685958
6685967
6686346
6689275
6689761
6692763
6693115
6696066
6696084
6696430
6696481
6696493
6699492
6699498
6699503
6699833
6699871
6699885
6701917
6702997
6703396
6703403
6703408
6703418
6706276
6706281
6706681
6709446
6709676
6710066
6713086
6713090
6713446
6713485
6715485
6716198
6716416
6716814
6716830
6716867
6718972
6720004
6720314
6720453
6723303
6723338
6723340
6723341
6723348
6723351
6723713
6723734
6726124
6726918
6727253
6727256
6727283
6727286
6729786
6730288
6730325
6730679
6733780
6733783
6737045
6739333
6740341
6740669
6743413
6743441
6743442
6743777
6743798
6745071
6746429
6746691
6746692
6747019
6747020
6747150
6748947
6749864
6749868
6750226
6750237
6753006
6753013
6753445
6755784
6756033
6756393
6758214
6759059
6759398
6761910
6762180
6764678
6765001
6765117
6767901
6770262
6770295
6770623
6770660
6770675
6773696
6773714
6773720
6774104
6774122
6774137
6776982
6777423
6777429
6779468
6780426
6780877
6780881
6780882
6780889
6783773
6784177
6784197
6784254
6787161
6787529
6787531
6790458
6790459
6790837
6792945
6793931
6794370
6794410
6794489
6797719
6797732
6800620
6803046
6803376
6806256
6811794
6812238
6814953
6814978
6815458
6818226
6818229
6818787
6821975
6821987
6824822
6828313
6828320
6828339
6833384
6835739
6956027
8466283
8486455
8497378
9254307
9283282
9463160
9474750
9622340
9642850
9662335
9750762
D342994
D379506
D386849
D396911
D459798
D468424
RE28315
RE28399
RE28636
RE29618
RE29668
RE29835
RE29892
RE30577
RE30633
RE30811
RE30910
RE31244
RE31463
RE32347
RE32393
RE33239
RE33994
RE34440
RE34579
RE34672
RE34712
RE34878
RE34990
RE35524
RE35724
RE36068
RE36247
RE36418
RE36481
RE36520
RE36617
RE37035
RE37314
RE37516
RE37564
RE37721
RE37838
RE37872
RE37950
RE38115
RE38253
RE38385
RE38506
RE38551
RE38628
RE38743
RE38912
RE38919
RE38968
RE39030
RE39049
RE39050
RE39069
RE39071
RE39128
RE39155
RE39181
RE39198
RE39221
RE39264
RE39593
RE39680
RE39706
RE39820
RE39861
RE40000
RE40045
RE40086
RE40183
RE40640
RE40667
RE40812
RE41065
RE41134
RE41148
RE41393
RE41408
RE41489
RE41571
RE41783
RE41884
RE41911
RE41920
RE41956
RE42096
RE42152
RE42353
RE42376
RE42461
RE42462
RE42889
RE43298
RE43390
RE43431
RE43580
RE43596
RE43711
RE43797
RE43799
RE43802
RE43834
RE43879
RE43916
RE43932
RE44048
RE44186
RE44459
RE44599
RE44638
RE44733
RE44768
RE44846
RE44847
RE44872
RE44874
RE45128
RE45198
RE45313
RE45573
RE46276
RE46284
RE46363
RE46365
RE46375
RE46417
RE46604
RE46617
RE46621
RE46762
RE46791
RE46856
RE46965
RE47221
RE47301
RE47350
RE47351
RE47526
RE47691
RE47739
RE47751
RE47769
RE47826
RE48059
RE48286
