4782
10402
10929
10971
11522
12142
12249
12301
12365
12366
12541
12657
12703
12704
12750
12772
12827
12828
12885
13071
13217
13263
13621
13718
14103
14214
14215
14399
14602
14684
14685
14713
14715
14740
14762
15539
15874
15921
15922
15923
16084
16087
16194
16267
16273
16295
16363
16379
16402
16455
16608
16672
16721
16763
16785
16793
16798
16806
16847
16883
16891
16908
16909
16921
16949
16987
16990
17015
17031
17048
17087
17105
17111
17247
17339
17340
17376
17377
17381
17407
17408
17430
17434
17442
17443
17450
17466
17481
17494
17498
17503
17506
17516
17522
17525
17532
17533
17535
17555
17556
17559
17560
17563
17571
17573
17579
17581
17594
17601
17604
17612
17613
17618
17619
17624
17628
17638
17657
17658
17659
17675
17688
17694
17697
17710
17717
17736
17739
17741
17744
17751
17768
17783
17788
17802
17810
17813
17814
17818
17820
17821
17824
17830
17831
17849
17850
17851
17853
17857
17862
17874
17881
17892
17911
17920
17922
17924
17938
17939
17944
17954
17955
17962
17963
17970
17980
17982
17986
17989
17994
18000
18009
18012
18013
18017
18021
18027
18029
18039
18040
18044
18050
18052
18057
18061
18062
18063
18064
18067
18069
18076
18077
18084
18086
18087
18104
18107
18116
18117
18118
18123
18140
18147
18148
18153
18154
18155
18163
18164
18166
18179
18181
18182
18183
18185
18201
18202
18205
18207
18217
18225
18226
18230
18234
18238
18239
18240
18257
18264
18276
18281
18285
18296
18297
18298
18303
18306
18312
18321
18333
18340
18343
18366
18374
18389
18418
18422
18423
18445
18458
18469
18470
18473
18482
18489
18498
18506
18511
18520
18521
18533
18538
18550
18553
18554
18555
18571
18580
18584
18587
18592
18596
18602
18603
18604
18612
18613
18631
18644
18647
18651
18654
18658
18662
18663
18668
18676
18677
18678
18682
18683
18684
18686
18687
18689
18700
18702
18703
18704
18705
18706
18707
18708
18709
18713
18714
18716
18723
18731
18733
18735
18737
18738
18741
18748
18751
18754
18760
18761
18762
18766
18768
18770
18776
18780
18781
18782
18796
18799
18813
18827
18828
18830
18831
18859
18869
18873
18874
18885
18887
18888
18891
18905
18917
18922
18927
18928
18936
18938
18949
18956
18963
18965
18977
18981
18985
18998
19001
19002
19009
19010
19032
19034
19037
19044
19046
19049
19050
19057
19058
19059
19069
19080
19081
19082
19084
19085
19090
19107
19111
19112
19129
19155
19157
19174
19188
19190
19192
19201
19204
19215
19219
19221
19243
19259
19260
19268
19270
19280
19281
19287
19297
19304
19309
19322
19323
19353
19355
19356
19359
19368
19369
19383
19384
19385
19386
19387
19402
19404
19408
19414
19415
19425
19430
19432
19434
19435
19436
19439
19451
19456
19459
19462
19463
19471
19478
19487
19488
19489
19501
19507
19508
19510
19527
19530
19532
19536
19537
19543
19545
19546
19548
19555
19557
19558
19561
19568
19574
19576
19579
19580
19583
19591
19593
19594
19596
19599
19600
19604
19608
19614
19616
19617
19618
19621
19625
19627
19640
19641
19643
19645
19648
19651
19653
19655
19658
19660
19661
19664
19667
19668
19670
19672
19675
19677
19678
19680
19684
19693
19697
19698
19700
19710
19715
19716
19717
19721
19722
19726
19729
19732
19734
19735
19737
19746
19753
19757
19762
19763
19764
19766
19771
19775
19777
19778
19779
19785
19786
19787
19794
19796
19798
19806
19807
19810
19813
19814
19818
19824
19828
19829
19833
19834
19835
19836
19839
19842
19845
19847
19849
19851
19855
19856
19857
19858
19860
19863
19872
19879
19880
19881
19882
19884
19885
19886
19888
19890
19891
19892
19897
19898
19901
19908
19909
19910
19915
19918
19921
19927
19928
19937
19940
19941
19946
19949
19950
19951
19955
19957
19958
19960
19961
19962
19963
19966
19967
19968
19972
19976
19979
19981
19982
19983
19992
20005
20007
20011
20013
20014
20021
20031
20032
20033
20035
20036
20037
20038
20043
20044
20045
20049
20051
20059
20062
20064
20066
20068
20070
20071
20073
20076
20080
20083
20084
20087
20089
20090
20092
20095
20098
20101
20103
20109
20114
20118
20121
20122
20123
20125
20126
20130
20131
20132
20134
20135
20136
20137
20140
20144
20145
20148
20150
20151
20152
20154
20155
20156
20162
20164
20165
20168
20180
20182
20184
20186
20189
20191
20192
20193
20195
20198
20199
20207
20208
20209
20210
20212
20213
20214
20216
20219
20220
20221
20222
20223
20231
20234
20235
20236
20239
20240
20241
20243
20249
20251
20256
20258
20259
20261
20262
20263
20264
20272
20273
20279
20280
20281
20286
20287
20291
20297
20301
20303
20305
20310
20312
20313
20314
20316
20322
20323
20325
20326
20327
20329
20330
20336
20338
20343
20344
20346
20347
20351
20353
20356
20358
20363
20364
20367
20369
20372
20375
20378
20379
20380
20381
20385
20386
20387
20388
20393
20394
20398
20401
20403
20404
20406
20408
20409
20410
20411
20412
20413
20415
20416
20417
20420
20421
20428
20430
20439
20441
20443
20444
20448
20449
20450
20451
20452
20453
20457
20460
20468
20470
20471
20472
20474
20475
20478
20479
20482
20486
20487
20489
20491
20496
20497
20498
20500
20503
20505
20506
20507
20509
20511
20516
20517
20518
20519
20520
20522
20524
20527
20528
20529
20533
20536
20538
20539
20541
20545
20547
20548
20549
20550
20551
20552
20553
20554
20555
20559
20560
20563
20564
20569
20570
20571
20572
20573
20575
20578
20579
20582
20583
20584
20586
20588
20589
20591
20592
20596
20597
20599
20600
20601
20603
20604
20605
20606
20607
20610
20611
20612
20613
20616
20617
20619
20622
20623
20624
20625
20626
20628
20629
20630
20632
20634
20635
20636
20637
20638
20639
20641
20646
20648
20652
20655
20657
20658
20659
20664
20665
20667
20668
20671
20675
20677
20680
20682
20685
20687
20688
20689
20690
20692
20695
20696
20697
20698
20699
20700
20701
20702
20704
20705
20706
20707
20708
20710
20711
20712
20713
20714
20715
20716
20717
20718
20719
20720
20723
20725
20726
20727
20729
20738
20740
20741
20746
20747
20748
20749
20752
20753
20757
20758
20759
20760
20762
20763
20764
20766
20767
20768
20769
20771
20772
20774
20776
20778
20779
20780
20781
20785
20786
20788
20789
20791
20796
20799
20800
20801
20802
20803
20805
20807
20808
20809
20811
20813
20815
20816
20818
20819
20823
20825
20828
20829
20830
20831
20832
20833
20835
20837
20838
20839
20841
20844
20845
20846
20847
20850
20855
20857
20859
20862
20863
20864
20865
20866
20868
20869
20870
20872
20873
20882
20883
20884
20885
20886
20887
20895
20896
20897
20898
20899
20902
20903
20905
20906
20907
20908
20911
20912
20913
20919
20920
20922
20923
20926
20929
20931
20933
20934
20936
20937
20939
20941
20942
20943
20945
20946
20947
20949
20950
20954
20958
20961
20963
20965
20966
20968
20969
20972
20973
20974
20975
20976
20977
20978
20980
20981
20983
20984
20985
20986
20987
20988
20989
20990
20992
20997
20998
21001
21003
21004
21005
21006
21007
21008
21009
21014
21015
21016
21017
21018
21022
21025
21026
21027
21029
21035
21036
21037
21038
21039
21040
21041
21042
21044
21052
21055
21056
21057
21060
21061
21062
21064
21065
21066
21067
21071
21073
21074
21075
21077
21078
21079
21081
21083
21084
21085
21086
21087
21088
21090
21093
21097
21098
21106
21107
21108
21110
21112
21114
21119
21121
21123
21124
21127
21128
21129
21130
21131
21132
21134
21140
21141
21142
21144
21145
21148
21149
21150
21152
21153
21158
21159
21160
21162
21165
21168
21169
21172
21174
21176
21178
21179
21180
21183
21184
21187
21190
21191
21192
21196
21197
21199
21200
21202
21203
21204
21205
21208
21211
21212
21214
21217
21222
21223
21224
21225
21226
21227
21228
21229
21231
21232
21234
21235
21238
21241
21246
21247
21248
21249
21251
21252
21253
21254
21257
21258
21259
21260
21262
21266
21267
21268
21269
21271
21272
21273
21275
21277
21278
21281
21282
21283
21284
21285
21286
21287
21288
21290
21299
21300
21301
21302
21303
21304
21306
21308
21312
21313
21316
21318
21319
21320
21321
21322
21323
21324
21330
21332
21335
21336
21337
21338
21341
21342
21343
21344
21345
21346
21348
21350
21351
21355
21356
21357
21358
21359
21360
21361
21365
21366
21367
21368
21371
21372
21374
21378
21379
21385
21387
21392
21393
21394
21395
21398
21399
21400
21406
21409
21410
21411
21415
21416
21419
21425
21427
21428
21433
21436
21437
21438
21441
21443
21444
21445
21446
21447
21449
21450
21451
21453
21454
21455
21457
21462
21463
21468
21470
21472
21473
21476
21478
21479
21481
21483
21485
21487
21488
21489
21490
21492
21493
21494
21497
21498
21500
21502
21503
21504
21505
21506
21507
21513
21514
21515
21516
21518
21520
21524
21526
21527
21528
21529
21530
21532
21535
21536
21537
21539
21540
21543
21544
21545
21546
21548
21549
21551
21555
21560
21565
21566
21567
21571
21572
21574
21575
21583
21585
21587
21588
21589
21590
21591
21592
21597
21598
21602
21605
21606
21610
21612
21615
21620
21621
21623
21627
21629
21630
21632
21633
21636
21641
21642
21644
21652
21654
21656
21658
21660
21664
21667
21669
21670
21671
21673
21674
21676
21678
21684
21687
21688
21689
21692
21693
21695
21697
21698
21700
21704
21706
21710
21711
21712
21713
21717
21720
21721
21726
21729
21730
21731
21732
21737
21738
21742
21743
21744
21745
21746
21747
21748
21752
21753
21756
21758
21759
21762
21764
21765
21770
21773
21774
21775
21777
21778
21780
21782
21785
21789
21793
21794
21795
21797
21798
21802
21806
21807
21810
21812
21813
21814
21817
21821
21823
21825
21829
21830
21835
21839
21840
21842
21844
21845
21849
21850
21852
21856
21858
21859
21861
21862
21864
21866
21868
21871
21872
21875
21876
21877
21879
21880
21881
21882
21883
21884
21887
21892
21896
21897
21902
21903
21906
21908
21909
21910
21911
21912
21920
21923
21924
21925
21926
21928
21929
21936
21937
21938
21945
21946
21947
21949
21951
21957
21958
21959
21963
21964
21976
21977
21978
21983
21985
21986
21990
21991
21992
21994
21995
21997
21999
22000
22003
22004
22007
22008
22011
22012
22013
22014
22020
22021
22023
22024
22025
22026
22029
22030
22032
22033
22036
22037
22041
22044
22047
22048
22051
22052
22055
22056
22057
22058
22059
22063
22064
22065
22066
22067
22068
22070
22074
22075
22076
22078
22081
22083
22088
22090
22100
22101
22103
22104
22106
22107
22108
22110
22114
22115
22116
22117
22118
22121
22127
22128
22129
22134
22145
22150
22154
22156
22157
22159
22161
22165
22173
22180
22181
22184
22185
22187
22192
22193
22196
22198
22200
22201
22202
22203
22204
22205
22206
22210
22212
22217
22219
22221
22224
22225
22233
22239
22244
22246
22247
22249
22250
22251
22252
22253
22254
22255
22256
22257
22259
22260
22262
22264
22266
22268
22271
22272
22273
22275
22277
22278
22281
22283
22285
22287
22288
22291
22292
22301
22304
22306
22307
22308
22309
22311
22314
22315
22318
22320
22321
22325
22328
22331
22332
22334
22341
22348
22350
22352
22360
22362
22363
22368
22369
22370
22371
22372
22377
22382
22383
22386
22387
22393
22395
22396
22399
22401
22404
22405
22406
22408
22410
22411
22416
22417
22418
22421
22425
22426
22427
22428
22430
22433
22434
22436
22437
22445
22450
22454
22456
22458
22460
22465
22468
22472
22473
22474
22483
22484
22488
22496
22497
22500
22501
22502
22504
22505
22510
22511
22512
22517
22518
22519
22522
22523
22524
22525
22526
22527
22529
22532
22535
22544
22545
22548
22549
22554
22555
22556
22560
22561
22563
22565
22567
22568
22569
22571
22572
22573
22574
22577
22580
22581
40024
50444
50587
50592
50616
50625
50628
50630
50684
50685
50686
50693
50703
50706
50709
50710
50711
50715
50716
50718
50722
50723
50724
50730
50733
50739
50740
50741
50746
50749
50750
50753
50757
50758
50759
50767
50775
50777
50781
50782
50784
50785
50786
50788
50790
50791
50793
50795
50797
50801
50802
50803
50804
50805
50808
50810
50813
50814
50818
50819
71621
71739
72303
72304
74973
86069
86240
87361
87563
200045
200063
200153
200175
200179
200327
200533
200603
200677
200678
200796
201023
201110
201152
201277
201280
201281
201292
201367
201373
201444
201532
201635
201655
201656
201688
201699
201739
201820
201917
201922
201923
202008
202020
202022
202057
202080
202088
202091
202100
202107
202123
202129
202155
202192
202207
202211
202231
202236
202258
202270
202276
202278
202292
202293
202317
202324
202331
202343
202344
202379
202428
202429
202439
202450
202497
202513
202514
202535
202570
202611
202714
202736
202788
202799
202806
202810
202811
202813
202833
202834
202860
202872
202880
202895
202971
202992
203045
203085
203093
203094
203100
203108
203137
203159
203168
203188
203214
203255
203284
203312
203313
203314
203340
203341
203388
203389
203414
203415
203441
203469
203479
203491
203496
203505
203510
203565
203567
203568
203585
203634
203667
203684
203696
203697
203752
203756
203791
203794
203858
203922
203923
203971
203975
203985
204017
204026
204031
204042
204061
204063
204096
204114
204141
204153
204168
204200
204223
204242
204251
204275
204286
204308
204325
204326
204353
204370
204384
204399
204410
204412
204417
204426
204427
204441
204442
204447
204485
204508
204516
204569
204592
204623
204629
204640
204654
204655
204671
204677
204708
204734
204736
204760
204767
204768
204790
204803
204819
204820
204822
204824
204886
204958
205003
205004
205029
205053
205054
205060
205065
205098
205103
205108
205109
205122
205123
205175
205223
205266
205353
205382
205388
205395
205410
205422
205435
205436
205437
205474
205488
205489
205494
205525
205551
205552
205579
205580
205596
205598
205613
205625
205636
205637
205641
205649
205677
205703
205718
205739
205747
205755
205776
205777
205786
205787
205831
205832
205834
205836
205837
205838
205858
205874
205879
205920
205934
206030
206038
206073
206089
206099
206110
206111
206143
206162
206185
206192
206229
206255
206256
206276
206302
206307
206316
206317
206321
206323
206333
206334
206352
206353
206356
206406
206426
206439
206488
206494
206500
206510
206538
206544
206619
206627
206628
206679
206756
206829
206843
206910
206911
206940
206947
206966
206977
206995
207027
207071
207078
207103
207145
207154
207155
207202
207233
207318
207356
207500
207501
207533
207561
207589
207620
207621
207695
207768
207793
207795
207865
207916
207917
207920
207921
207923
207924
207925
207930
207931
207932
207946
207947
207953
207958
207960
207962
207968
207975
207981
207986
207988
207997
207999
208010
208026
208030
208032
208051
208054
208056
208065
208073
208078
208079
208081
208082
208090
208144
208147
208159
208169
208171
208183
208193
208194
208215
208219
208223
208224
208232
208246
208251
208254
208259
208261
208271
208276
208277
208288
208294
208313
208325
208341
208351
208352
208379
208383
208399
208400
208401
208411
208424
208434
208437
208447
208462
208464
208470
208471
208510
208524
208547
208551
208552
208558
208564
208573
208583
208603
208610
208611
208612
208623
208624
208627
208647
208653
208658
208673
208686
208692
208694
208700
208716
208742
208743
208745
208751
208772
208780
208791
208794
208798
208799
208845
208854
208901
208910
208912
208944
208945
208956
208984
209022
209080
209090
209091
209092
209115
209128
209176
209184
209195
209196
209203
209210
209241
209279
209296
209299
209305
209310
209311
209347
209353
209354
209355
209360
209363
209381
209388
209394
209400
209401
209410
209445
209449
209472
209478
209482
209483
209500
209501
209510
209511
209521
209529
209531
209589
209606
209627
209637
209661
209776
209777
209803
209805
209806
209816
209817
209819
209830
209862
209863
209884
209899
209905
209935
209936
209939
209940
209963
209964
210045
210132
210134
210192
210238
210251
210259
210296
210303
210308
210326
210331
210361
210365
210428
210450
210455
210491
210493
210496
210498
210557
210563
210565
210566
210583
210589
210595
210598
210607
210632
210655
210656
210660
210730
210793
210797
210806
210807
210833
210854
210861
210864
210868
210874
210875
210884
210895
210906
210910
210913
210922
210923
210933
210942
210951
211039
211109
211150
211155
211158
211172
211192
211210
211225
211230
211243
211280
211281
211288
211321
211340
211349
211358
211367
211371
211379
211415
211527
211580
211616
211617
211635
211651
211672
211673
211675
211710
211723
211728
211765
211801
211810
211855
211882
211911
211913
211929
211962
211970
211994
211996
212018
212028
212038
212097
212099
212102
212121
212122
212123
212154
212157
212161
212194
212268
212269
212273
212279
212295
212306
212320
212327
212379
212436
212477
212480
212489
212516
212520
212526
212535
212576
212595
212608
212614
212640
212690
212725
212728
212801
212819
212839
212860
212887
212888
212904
212950
213004
213006
213026
213051
213072
213082
213135
213137
213138
213150
213176
213189
213217
213224
213227
213246
213388
213411
213422
213433
213491
213535
213591
213674
213687
213690
213702
213716
213721
213736
213756
213793
213876
213969
213973
213983
213994
214018
214047
214094
214096
214103
214120
214200
214278
214377
214383
214410
214517
214621
214787
